1
1
1
1
1
1
1
1
1
1
1
1
1
1
1
1
1
1
1
1
1
1
1
1
1
1
1
1
1
1
1
1
1
1
1
1
1
1
1
1
1
1
1
1
1
1
1
1
1
1
1
1
1
1
1
1
1
1
1
1
1
1
1
1
1
1
1
1
1
1
1
1
1
1
1
1
1
1
1
1
1
1
1
1
1
1
1
1
1
1
1
1
1
1
1
1
1
1
1
1
1
1
1
1
1
1
1
1
1
1
1
1
1
1
1
1
1
1
1
1
1
1
1
1
1
1
1
1
1
1
1
1
1
1
1
1
1
1
1
1
1
1
1
1
1
1
1
1
1
1
1
1
1
1
1
1
1
1
1
1
1
1
1
1
1
1
1
1
1
1
1
1
1
1
1
1
1
1
1
1
1
1
1
1
1
1
1
1
1
1
1
1
1
1
1
1
1
1
1
1
1
1
1
1
1
1
1
1
1
1
1
1
1
1
1
1
1
1
1
1
1
1
1
1
1
1
1
1
1
1
1
1
1
1
1
1
1
1
1
1
1
1
1
1
1
1
1
1
1
1
1
1
1
1
1
1
1
1
1
1
1
1
1
1
1
1
1
0.999999
0.999999
0.999999
0.999999
0.999999
0.999999
0.999998
0.999998
0.999998
0.999997
0.999997
0.999996
0.999995
0.999995
0.999994
0.999992
0.999991
0.999989
0.999987
0.999985
0.999983
0.99998
0.999976
0.999972
0.999968
0.999963
0.999957
0.99995
0.999942
0.999933
0.999923
0.999911
0.999897
0.999882
0.999865
0.999846
0.999824
0.9998
0.999772
0.999741
0.999706
0.999668
0.999624
0.999576
0.999522
0.999462
0.999396
0.999323
0.999242
0.999152
0.999053
0.998944
0.998825
0.998693
0.998549
0.998392
0.998219
0.998031
0.997826
0.997603
0.99736
0.997096
0.99681
0.996501
0.996166
0.995804
0.995413
0.994992
0.994539
0.994052
0.993528
0.992967
0.992366
0.991723
0.991036
0.990302
0.98952
0.988688
0.987804
0.986865
0.985869
0.984815
0.9837
0.982524
0.981283
0.979976
0.978602
0.97716
0.975649
0.974067
0.972414
0.970689
0.968892
0.967024
0.965084
0.963072
0.960991
0.958841
0.956623
0.95434
0.951993
0.949585
0.947119
0.944597
0.942023
0.939402
0.936735
0.934028
0.931286
0.928511
0.925711
0.922888
0.920048
0.917197
0.914339
0.911479
0.908623
0.905777
0.902944
0.900131
0.897342
0.894582
0.891856
0.889168
0.886522
0.883924
0.881376
0.878883
0.876447
0.874073
0.871762
0.869518
0.867343
0.865238
0.863207
0.861249
0.859367
0.857561
0.855832
0.85418
0.852605
0.851107
0.849686
0.84834
0.84707
0.845873
0.844748
0.843693
0.842707
0.841788
0.840933
0.840141
0.839408
0.838732
0.838111
0.837541
0.837021
0.836547
0.836116
0.835727
0.835375
0.835058
0.834775
0.834521
0.834295
0.834094
0.833916
0.833759
0.833621
0.8335
0.833394
0.833302
0.833221
0.833151
0.833091
0.833039
0.832994
0.832955
0.832922
0.832894
0.832869
0.832849
0.832831
0.832816
0.832803
0.832792
0.832783
0.832775
0.832768
0.832762
0.832757
0.832753
0.832749
0.832746
0.832743
0.83274
0.832738
0.832735
0.832733
0.832731
0.83273
0.832728
0.832726
0.832725
0.832723
0.832722
0.832721
0.83272
0.832719
0.832718
0.832717
0.832716
0.832716
0.832715
0.832715
0.832714
0.832714
0.832714
0.832713
0.832713
0.832713
0.832713
0.832713
0.832713
0.832712
0.832712
0.832712
0.832712
0.832712
0.832712
0.832712
0.832712
0.832712
0.832712
0.832711
0.832711
0.832711
0.832711
0.832711
0.832711
0.832711
0.832711
0.832711
0.832711
0.832711
0.832711
0.832711
0.832711
0.832711
0.832711
0.832711
0.83271
0.83271
0.83271
0.83271
0.83271
0.83271
0.83271
0.83271
0.83271
0.83271
0.83271
0.83271
0.83271
0.83271
0.83271
0.83271
0.832709
0.832709
0.832709
0.832709
0.832709
0.832709
0.832709
0.832709
0.832709
0.832709
0.832709
0.832708
0.832708
0.832708
0.832708
0.832708
0.832707
0.832707
0.832707
0.832706
0.832706
0.832705
0.832705
0.832704
0.832704
0.832703
0.832702
0.832702
0.832701
0.8327
0.832699
0.832698
0.832697
0.832696
0.832695
0.832694
0.832693
0.832691
0.83269
0.832689
0.832687
0.832686
0.832684
0.832683
0.832681
0.832679
0.832678
0.832676
0.832674
0.832672
0.83267
0.832668
0.832666
0.832663
0.832661
0.832658
0.832656
0.832653
0.83265
0.832648
0.832645
0.832641
0.832638
0.832635
0.832632
0.832628
0.832625
0.832621
0.832618
0.832614
0.832611
0.832607
0.832603
0.8326
0.832596
0.832592
0.832589
0.832585
0.832581
0.832578
0.832574
0.832571
0.832567
0.832564
0.832561
0.832557
0.832554
0.832551
0.832548
0.832545
0.832542
0.832539
0.832536
0.832533
0.83253
0.832527
0.832525
0.832522
0.832519
0.832517
0.832514
0.832512
0.83251
0.832507
0.832505
0.832503
0.832501
0.832499
0.832497
0.832496
0.832494
0.832492
0.832491
0.832489
0.832488
0.832487
0.832485
0.832484
0.832483
0.832482
0.832481
0.83248
0.832479
0.832478
0.832477
0.832476
0.832475
0.832474
0.832474
0.832473
0.832472
0.832471
0.832471
0.83247
0.83247
0.832469
0.832469
0.832468
0.832468
0.832467
0.832467
0.832466
0.832466
0.832466
0.832465
0.832465
0.832464
0.832464
0.832463
0.832463
0.832462
0.832461
0.83246
0.832459
0.832458
0.832456
0.832454
0.832452
0.832449
0.832446
0.832442
0.832438
0.832434
0.832428
0.832422
0.832415
0.832407
0.832398
0.832388
0.832376
0.832363
0.832349
0.832333
0.832315
0.832295
0.832273
0.832249
0.832222
0.832193
0.832161
0.832126
0.832088
0.832047
0.832002
0.831954
0.831901
0.831845
0.831783
0.831718
0.831647
0.831571
0.83149
0.831403
0.831311
0.831212
0.831107
0.830995
0.830876
0.83075
0.830616
0.830475
0.830327
0.83017
0.830005
0.829831
0.829649
0.829458
0.829258
0.829049
0.828832
0.828605
0.828369
0.828124
0.82787
0.827607
0.827335
0.827054
0.826764
0.826466
0.82616
0.825846
0.825524
0.825195
0.824858
0.824514
0.824165
0.823809
0.823447
0.823081
0.822709
0.822334
0.821955
0.821573
0.821188
0.820802
0.820414
0.820026
0.819638
0.81925
0.818864
0.818479
0.818098
0.81772
0.817345
0.816976
0.816611
0.816253
0.815901
0.815556
0.815218
0.814889
0.814569
0.814257
0.813955
0.813663
0.813381
0.81311
0.812849
0.812599
0.81236
0.812132
0.811915
0.811709
0.811515
0.811331
0.811158
0.810996
0.810845
0.810703
0.810572
0.810451
0.810338
0.810235
0.810141
0.810054
0.809976
0.809905
0.809841
0.809783
0.809732
0.809686
0.809645
0.809609
0.809578
0.809551
0.809527
0.809506
0.809489
0.809473
0.80946
0.809449
0.80944
0.809432
0.809425
0.809419
0.809413
0.809409
0.809405
0.809401
0.809397
0.809394
0.809391
0.809388
0.809385
0.809382
0.809379
0.809376
0.809373
0.809371
0.809368
0.809365
0.809362
0.809359
0.809356
0.809354
0.809351
0.809349
0.809347
0.809344
0.809342
0.80934
0.809338
0.809337
0.809335
0.809334
0.809332
0.809331
0.80933
0.809329
0.809328
0.809327
0.809326
0.809325
0.809324
0.809324
0.809323
0.809322
0.809322
0.809321
0.80932
0.80932
0.809319
0.809318
0.809318
0.809317
0.809316
0.809316
0.809315
0.809314
0.809314
0.809313
0.809313
0.809312
0.809312
0.809311
0.809311
0.80931
0.80931
0.809309
0.809309
0.809308
0.809308
0.809308
0.809307
0.809307
0.809306
0.809305
0.809305
0.809304
0.809303
0.809301
0.8093
0.809298
0.809296
0.809294
0.809291
0.809288
0.809284
0.80928
0.809275
0.80927
0.809264
0.809257
0.80925
0.809242
0.809232
0.809222
0.809211
0.8092
0.809187
0.809172
0.809157
0.809141
0.809123
0.809104
0.809083
0.809062
0.809038
0.809013
0.808987
0.808958
0.808928
0.808896
0.808862
0.808826
0.808788
0.808747
0.808704
0.808659
0.80861
0.808559
0.808505
0.808448
0.808388
0.808324
0.808257
0.808186
0.808111
0.808031
0.807948
0.80786
0.807767
0.80767
0.807568
0.80746
0.807347
0.807229
0.807105
0.806975
0.806839
0.806697
0.806549
0.806395
0.806235
0.806068
0.805895
0.805715
0.805529
0.805336
0.805137
0.804931
0.804719
0.804501
0.804277
0.804046
0.80381
0.803568
0.803321
0.803069
0.802811
0.802549
0.802282
0.802011
0.801737
0.801458
0.801177
0.800893
0.800607
0.800319
0.800029
0.799738
0.799446
0.799155
0.798863
0.798572
0.798282
0.797993
0.797707
0.797423
0.797141
0.796863
0.796589
0.796318
0.796052
0.79579
0.795534
0.795282
0.795037
0.794797
0.794564
0.794337
0.794117
0.793903
0.793697
0.793498
0.793306
0.793121
0.792943
0.792773
0.792611
0.792455
0.792307
0.792166
0.792032
0.791905
0.791785
0.791671
0.791564
0.791462
0.791367
0.791277
0.791193
0.791113
0.791039
0.790969
0.790903
0.790842
0.790784
0.79073
0.790679
0.790631
0.790586
0.790544
0.790504
0.790466
0.79043
0.790396
0.790364
0.790333
0.790304
0.790276
0.790249
0.790223
0.790199
0.790175
0.790152
0.790129
0.790108
0.790087
0.790066
0.790046
0.790027
0.790008
0.789989
0.789971
0.789953
0.789935
0.789918
0.789901
0.789884
0.789867
0.789851
0.789835
0.789819
0.789804
0.789788
0.789774
0.789759
0.789745
0.789731
0.789717
0.789704
0.789691
0.789678
0.789666
0.789654
0.789642
0.789631
0.78962
0.789609
0.789599
0.789589
0.78958
0.789571
0.789562
0.789553
0.789545
0.789538
0.78953
0.789523
0.789516
0.78951
0.789503
0.789497
0.789492
0.789486
0.789481
0.789476
0.789471
0.789467
0.789462
0.789458
0.789453
0.789449
0.789444
0.78944
0.789435
0.789431
0.789426
0.78942
0.789415
0.789409
0.789402
0.789395
0.789388
0.789379
0.789371
0.789361
0.78935
0.789339
0.789326
0.789313
0.789299
0.789283
0.789266
0.789249
0.78923
0.78921
0.789189
0.789166
0.789143
0.789118
0.789092
0.789065
0.789038
0.789009
0.788979
0.788949
0.788918
0.788886
0.788853
0.78882
0.788787
0.788753
0.788719
0.788684
0.78865
0.788615
0.788581
0.788547
0.788513
0.78848
0.788446
0.788414
0.788382
0.788351
0.78832
0.78829
0.788262
0.788234
0.788207
0.788181
0.788157
0.788133
0.788111
0.78809
0.78807
0.788051
0.788034
0.788017
0.788002
0.787989
0.787976
0.787965
0.787954
0.787945
0.787937
0.78793
0.787924
0.787918
0.787914
0.78791
0.787907
0.787904
0.787902
0.787901
0.787899
0.787899
0.787898
0.787898
0.787898
0.787898
0.787898
0.787897
0.787897
0.787897
0.787897
0.787897
0.787896
0.787896
0.787895
0.787894
0.787893
0.787892
0.78789
0.787888
0.787887
0.787884
0.787882
0.78788
0.787877
0.787875
0.787872
0.787869
0.787867
0.787864
0.787861
0.787858
0.787855
0.787852
0.787849
0.787847
0.787844
0.787841
0.787839
0.787836
0.787834
0.787832
0.78783
0.787828
0.787826
0.787825
0.787823
0.787822
0.787821
0.78782
0.787819
0.787818
0.787818
0.787817
0.787817
0.787817
0.787816
0.787816
0.787816
0.787816
0.787816
0.787816
0.787816
0.787816
0.787816
0.787815
0.787815
0.787814
0.787814
0.787813
0.787812
0.78781
0.787809
0.787807
0.787805
0.787803
0.7878
0.787797
0.787794
0.78779
0.787785
0.78778
0.787775
0.787769
0.787762
0.787754
0.787745
0.787736
0.787726
0.787714
0.787701
0.787687
0.787672
0.787655
0.787636
0.787616
0.787593
0.787569
0.787542
0.787514
0.787482
0.787448
0.787411
0.787371
0.787328
0.787282
0.787232
0.787179
0.787121
0.787059
0.786993
0.786922
0.786846
0.786765
0.786679
0.786587
0.786489
0.786384
0.786273
0.786155
0.78603
0.785897
0.785756
0.785607
0.785448
0.785281
0.785104
0.784916
0.784719
0.78451
0.78429
0.784057
0.783813
0.783556
0.783285
0.783001
0.782702
0.782389
0.782061
0.781717
0.781357
0.780981
0.780588
0.780178
0.779751
0.779305
0.778842
0.77836
0.777859
0.777339
0.7768
0.776242
0.775665
0.775067
0.774451
0.773814
0.773158
0.772483
0.771788
0.771073
0.77034
0.769588
0.768817
0.768028
0.767221
0.766397
0.765556
0.764699
0.763826
0.762938
0.762035
0.76112
0.760191
0.759251
0.7583
0.757339
0.75637
0.755392
0.754409
0.753419
0.752426
0.75143
0.750432
0.749434
0.748438
0.747443
0.746453
0.745467
0.744488
0.743518
0.742556
0.741606
0.740667
0.739742
0.738831
0.737937
0.737059
0.7362
0.73536
0.734541
0.733743
0.732967
0.732214
0.731485
0.730781
0.730102
0.729448
0.72882
0.728218
0.727642
0.727093
0.72657
0.726074
0.725603
0.725159
0.72474
0.724346
0.723977
0.723631
0.723309
0.723009
0.722731
0.722473
0.722236
0.722017
0.721817
0.721634
0.721466
0.721314
0.721175
0.72105
0.720936
0.720834
0.720741
0.720657
0.720581
0.720512
0.72045
0.720393
0.72034
0.720292
0.720247
0.720204
0.720164
0.720126
0.720089
0.720053
0.720018
0.719982
0.719948
0.719913
0.719878
0.719843
0.719808
0.719773
0.719738
0.719703
0.719668
0.719633
0.719598
0.719564
0.71953
0.719497
0.719465
0.719433
0.719403
0.719373
0.719345
0.719318
0.719292
0.719267
0.719244
0.719222
0.719201
0.719182
0.719164
0.719147
0.719131
0.719116
0.719103
0.71909
0.719079
0.719068
0.719058
0.719049
0.71904
0.719032
0.719025
0.719018
0.719012
0.719006
0.719
0.718994
0.718989
0.718984
0.718979
0.718974
0.718969
0.718964
0.718959
0.718954
0.71895
0.718945
0.71894
0.718935
0.71893
0.718926
0.718921
0.718916
0.71891
0.718905
0.7189
0.718895
0.718889
0.718884
0.718878
0.718872
0.718866
0.71886
0.718853
0.718847
0.71884
0.718832
0.718825
0.718817
0.718808
0.7188
0.718791
0.718781
0.718771
0.718761
0.71875
0.718739
0.718727
0.718715
0.718702
0.718689
0.718675
0.718661
0.718647
0.718632
0.718616
0.7186
0.718583
0.718566
0.718549
0.718531
0.718513
0.718494
0.718474
0.718454
0.718434
0.718412
0.718391
0.718369
0.718346
0.718323
0.718299
0.718274
0.718249
0.718223
0.718196
0.718169
0.71814
0.718111
0.718082
0.718051
0.71802
0.717987
0.717954
0.71792
0.717885
0.717849
0.717812
0.717774
0.717735
0.717695
0.717654
0.717611
0.717568
0.717523
0.717478
0.717431
0.717383
0.717334
0.717284
0.717233
0.71718
0.717127
0.717072
0.717016
0.716959
0.716901
0.716842
0.716783
0.716722
0.71666
0.716597
0.716534
0.716469
0.716405
0.716339
0.716273
0.716206
0.716139
0.716071
0.716003
0.715935
0.715866
0.715798
0.71573
0.715662
0.715594
0.715526
0.715459
0.715392
0.715326
0.71526
0.715196
0.715132
0.715069
0.715008
0.714947
0.714888
0.714829
0.714773
0.714717
0.714663
0.71461
0.714559
0.71451
0.714462
0.714415
0.71437
0.714326
0.714284
0.714244
0.714205
0.714167
0.714131
0.714096
0.714063
0.71403
0.713999
0.713969
0.71394
0.713913
0.713886
0.71386
0.713835
0.713811
0.713788
0.713765
0.713743
0.713722
0.713701
0.713681
0.713661
0.713642
0.713623
0.713604
0.713586
0.713568
0.713551
0.713534
0.713517
0.7135
0.713484
0.713468
0.713452
0.713437
0.713422
0.713407
0.713392
0.713378
0.713364
0.71335
0.713336
0.713323
0.71331
0.713298
0.713285
0.713273
0.713261
0.713249
0.713238
0.713226
0.713215
0.713203
0.713191
0.713179
0.713166
0.713153
0.713139
0.713125
0.713109
0.713093
0.713074
0.713055
0.713033
0.713009
0.712983
0.712955
0.712923
0.712888
0.712849
0.712807
0.71276
0.712708
0.712651
0.712588
0.712519
0.712443
0.71236
0.71227
0.712172
0.712065
0.711948
0.711822
0.711686
0.711539
0.711381
0.711211
0.711029
0.710834
0.710626
0.710404
0.710168
0.709918
0.709652
0.709371
0.709075
0.708763
0.708434
0.708089
0.707727
0.707348
0.706953
0.70654
0.706109
0.705662
0.705197
0.704715
0.704215
0.703699
0.703165
0.702615
0.702048
0.701465
0.700866
0.700251
0.699621
0.698977
0.698318
0.697646
0.696961
0.696264
0.695556
0.694837
0.694109
0.693372
0.692627
0.691876
0.691119
0.690357
0.689592
0.688825
0.688056
0.687287
0.68652
0.685754
0.684992
0.684235
0.683483
0.682738
0.682001
0.681272
0.680553
0.679845
0.679149
0.678464
0.677794
0.677137
0.676495
0.675868
0.675257
0.674662
0.674085
0.673525
0.672982
0.672458
0.671952
0.671465
0.670996
0.670547
0.670116
0.669704
0.669312
0.668938
0.668583
0.668246
0.667928
0.667627
0.667345
0.667079
0.66683
0.666598
0.666382
0.66618
0.665994
0.665822
0.665663
0.665516
0.665382
0.66526
0.665148
0.665045
0.664953
0.664868
0.664792
0.664722
0.664659
0.664602
0.66455
0.664502
0.664458
0.664417
0.66438
0.664344
0.66431
0.664278
0.664246
0.664216
0.664185
0.664155
0.664124
0.664093
0.664062
0.66403
0.663998
0.663965
0.663931
0.663896
0.663861
0.663825
0.663789
0.663752
0.663715
0.663678
0.663641
0.663604
0.663568
0.663532
0.663496
0.663462
0.663428
0.663395
0.663364
0.663333
0.663304
0.663276
0.663249
0.663224
0.6632
0.663177
0.663155
0.663135
0.663116
0.663098
0.663081
0.663065
0.66305
0.663036
0.663022
0.663009
0.662996
0.662983
0.662971
0.662958
0.662946
0.662933
0.66292
0.662907
0.662893
0.662879
0.662864
0.662848
0.662832
0.662814
0.662796
0.662778
0.662758
0.662737
0.662716
0.662694
0.662671
0.662647
0.662623
0.662597
0.662572
0.662545
0.662518
0.662491
0.662463
0.662436
0.662407
0.662379
0.662351
0.662322
0.662294
0.662266
0.662237
0.662209
0.66218
0.662152
0.662123
0.662095
0.662066
0.662037
0.662007
0.661977
0.661946
0.661914
0.661881
0.661846
0.66181
0.661772
0.661733
0.661691
0.661646
0.661598
0.661548
0.661493
0.661435
0.661373
0.661306
0.661234
0.661157
0.661075
0.660986
0.660891
0.660789
0.66068
0.660564
0.66044
0.660308
0.660167
0.660017
0.659858
0.65969
0.659513
0.659325
0.659128
0.65892
0.658702
0.658473
0.658234
0.657985
0.657725
0.657455
0.657174
0.656883
0.656581
0.65627
0.655949
0.655618
0.655278
0.654929
0.654572
0.654206
0.653832
0.65345
0.653062
0.652666
0.652264
0.651856
0.651443
0.651024
0.650601
0.650174
0.649743
0.649309
0.648872
0.648433
0.647992
0.647549
0.647106
0.646662
0.646218
0.645774
0.645332
0.64489
0.64445
0.644013
0.643577
0.643145
0.642715
0.64229
0.641868
0.641451
0.641038
0.640631
0.640228
0.639832
0.639442
0.639057
0.63868
0.638309
0.637946
0.63759
0.637242
0.636902
0.63657
0.636247
0.635932
0.635626
0.635329
0.635041
0.634763
0.634494
0.634234
0.633985
0.633744
0.633514
0.633293
0.633082
0.63288
0.632688
0.632506
0.632333
0.632168
0.632013
0.631867
0.631728
0.631598
0.631476
0.631362
0.631254
0.631153
0.631059
0.63097
0.630888
0.63081
0.630736
0.630667
0.630602
0.63054
0.63048
0.630423
0.630368
0.630314
0.630261
0.630209
0.630157
0.630105
0.630053
0.63
0.629946
0.629891
0.629834
0.629776
0.629716
0.629654
0.62959
0.629524
0.629456
0.629386
0.629314
0.62924
0.629164
0.629086
0.629006
0.628925
0.628842
0.628757
0.628672
0.628585
0.628497
0.628408
0.628319
0.628229
0.628139
0.628048
0.627957
0.627866
0.627775
0.627684
0.627593
0.627502
0.627411
0.627321
0.627232
0.627142
0.627053
0.626965
0.626877
0.626789
0.626702
0.626616
0.62653
0.626444
0.626359
0.626274
0.626189
0.626105
0.626022
0.625939
0.625856
0.625773
0.625691
0.625609
0.625528
0.625447
0.625366
0.625285
0.625205
0.625125
0.625045
0.624965
0.624885
0.624806
0.624726
0.624647
0.624567
0.624487
0.624407
0.624327
0.624246
0.624165
0.624084
0.624001
0.623918
0.623835
0.62375
0.623664
0.623577
0.623488
0.623399
0.623307
0.623215
0.62312
0.623024
0.622925
0.622825
0.622723
0.622618
0.622511
0.622402
0.622291
0.622178
0.622062
0.621944
0.621824
0.621701
0.621576
0.62145
0.621321
0.621191
0.621058
0.620924
0.620789
0.620653
0.620515
0.620377
0.620237
0.620098
0.619958
0.619819
0.619679
0.619541
0.619403
0.619266
0.619131
0.618997
0.618865
0.618736
0.618609
0.618485
0.618364
0.618246
0.618132
0.618022
0.617915
0.617813
0.617715
0.617621
0.617532
0.617447
0.617368
0.617293
0.617223
0.617158
0.617097
0.617042
0.616991
0.616945
0.616903
0.616866
0.616833
0.616804
0.616779
0.616758
0.616739
0.616724
0.616712
0.616703
0.616695
0.61669
0.616686
0.616684
0.616683
0.616682
0.616682
0.616682
0.616682
0.616681
0.61668
0.616678
0.616674
0.61667
0.616663
0.616655
0.616645
0.616634
0.61662
0.616604
0.616586
0.616566
0.616544
0.61652
0.616495
0.616467
0.616438
0.616408
0.616376
0.616343
0.616309
0.616274
0.616239
0.616204
0.616168
0.616132
0.616097
0.616062
0.616027
0.615993
0.61596
0.615928
0.615896
0.615866
0.615837
0.61581
0.615783
0.615758
0.615734
0.615711
0.61569
0.61567
0.615651
0.615634
0.615617
0.615602
0.615588
0.615575
0.615562
0.615551
0.61554
0.61553
0.615521
0.615512
0.615503
0.615495
0.615486
0.615478
0.61547
0.615461
0.615452
0.615443
0.615433
0.615423
0.615412
0.6154
0.615388
0.615375
0.61536
0.615345
0.615329
0.615312
0.615294
0.615274
0.615254
0.615233
0.61521
0.615187
0.615162
0.615137
0.61511
0.615082
0.615054
0.615024
0.614993
0.614962
0.614929
0.614895
0.61486
0.614824
0.614787
0.614749
0.61471
0.614669
0.614627
0.614584
0.61454
0.614495
0.614448
0.614399
0.61435
0.614299
0.614246
0.614192
0.614137
0.61408
0.614022
0.613962
0.613901
0.613839
0.613776
0.613711
0.613645
0.613577
0.613509
0.61344
0.61337
0.613298
0.613226
0.613154
0.61308
0.613006
0.612931
0.612856
0.612781
0.612705
0.612628
0.612552
0.612475
0.612398
0.612321
0.612243
0.612166
0.612088
0.612011
0.611933
0.611855
0.611776
0.611698
0.611619
0.61154
0.611461
0.611382
0.611302
0.611222
0.611142
0.611061
0.610979
0.610898
0.610816
0.610733
0.61065
0.610566
0.610482
0.610398
0.610313
0.610227
0.610142
0.610056
0.609969
0.609883
0.609796
0.609709
0.609623
0.609536
0.609449
0.609363
0.609277
0.609191
0.609106
0.609022
0.608938
0.608855
0.608773
0.608692
0.608612
0.608533
0.608456
0.60838
0.608305
0.608232
0.60816
0.60809
0.608022
0.607956
0.607891
0.607829
0.607768
0.607709
0.607653
0.607598
0.607545
0.607495
0.607447
0.6074
0.607356
0.607314
0.607274
0.607236
0.607199
0.607165
0.607133
0.607103
0.607074
0.607048
0.607023
0.607
0.606978
0.606958
0.60694
0.606923
0.606908
0.606893
0.60688
0.606869
0.606858
0.606849
0.60684
0.606832
0.606826
0.60682
0.606814
0.60681
0.606806
0.606802
0.606799
0.606797
0.606795
0.606793
0.606791
0.60679
0.606789
0.606788
0.606787
0.606786
0.606785
0.606784
0.606783
0.606782
0.606781
0.60678
0.606779
0.606777
0.606776
0.606774
0.606773
0.606771
0.606769
0.606768
0.606766
0.606764
0.606762
0.60676
0.606758
0.606757
0.606755
0.606753
0.606752
0.60675
0.606749
0.606748
0.606747
0.606745
0.606745
0.606744
0.606743
0.606742
0.606742
0.606741
0.60674
0.60674
0.606739
0.606739
0.606738
0.606737
0.606736
0.606735
0.606734
0.606733
0.606731
0.606729
0.606727
0.606725
0.606722
0.606718
